          0.087497          1.500000
          0.194260        101.598595
          0.197285        201.697189
          0.198233        301.795807
          0.198688        401.894379
          0.218057        501.992981
          0.220370        602.091614
          0.221691        702.190186
          0.222551        802.288757
          0.223148        902.387390
          0.223595       1002.485962
          0.223947       1102.584595
          0.224217       1202.683228
          0.224443       1302.781738
          0.224631       1402.880371
          0.224785       1502.979004
          0.224930       1603.077515
          0.225029       1703.176147
          0.225140       1803.274780
          0.225229       1903.373413
          0.225313       2003.471924
          0.225378       2103.570557
          0.225440       2203.669189
          0.225499       2303.767578
          0.225556       2403.866455
          0.225597       2503.964844
          0.225650       2604.063477
          0.225688       2704.162109
          0.225725       2804.260742
          0.225761       2904.359375
          0.225796       3004.458008
          0.234125       3104.556641
          0.234594       3204.655029
          0.234902       3304.753662
          0.235128       3404.852295
          0.235312       3504.951172
          0.235474       3605.049561
          0.235615       3705.148193
          0.235736       3805.246826
          0.235855       3905.345215
          0.235970       4005.443848
          0.236068       4105.542480
          0.236147       4205.641113
          0.236240       4305.739746
          0.236317       4405.838379
          0.236391       4505.937012
          0.236450       4606.035156
          0.236523       4706.134277
          0.236579       4806.232910
          0.236649       4906.331543
          0.236704       5006.429688
          0.236757       5106.528320
          0.236810       5206.626953
          0.236863       5306.725586
          0.236914       5406.824219
          0.236964       5506.922852
          0.237014       5607.021484
          0.237050       5707.120117
          0.237099       5807.218750
          0.237146       5907.317383
          0.237193       6007.416016
          0.237227       6107.514648
          0.237273       6207.613281
          0.237318       6307.711914
          0.237362       6407.810059
          0.237395       6507.908691
          0.237438       6608.007324
          0.237481       6708.105957
          0.237523       6808.204590
          0.237564       6908.303711
          0.237605       7008.402344
          0.237656       7108.500977
          0.237696       7208.599121
          0.237746       7308.697754
          0.237795       7408.796387
          0.237844       7508.895020
          0.237902       7608.993652
          0.237969       7709.091797
          0.239680       7809.190430
          0.239976       7909.289062
          0.240145       8009.387695
          0.240282       8109.486328
          0.240397       8209.584961
          0.240502       8309.683594
          0.240595       8409.782227
          0.240688       8509.880859
          0.240769       8609.979492
          0.240851       8710.078125
          0.240931       8810.176758
          0.241002       8910.275391
          0.241081       9010.374023
          0.241151       9110.472656
          0.241219       9210.570312
          0.241288       9310.668945
          0.241356       9410.768555
          0.241433       9510.867188
          0.241500       9610.965820
          0.241567       9711.064453
          0.241642       9811.163086
          0.241708       9911.261719
          0.241783      10011.359375
          0.241858      10111.458008
          0.241941      10211.556641
          0.242024      10311.655273
          0.242107      10411.753906
          0.242198      10511.852539
          0.249469      10611.951172
          0.249664      10712.050781
          0.249793      10812.148438
          0.249883      10912.247070
          0.249973      11012.345703
          0.250049      11112.444336
          0.250112      11212.542969
          0.250175      11312.641602
          0.250225      11412.740234
          0.250275      11512.838867
          0.250324      11612.937500
          0.250373      11713.036133
          0.250409      11813.134766
          0.250457      11913.233398
          0.250493      12013.332031
          0.250529      12113.430664
          0.250564      12213.529297
          0.250599      12313.627930
          0.250623      12413.726562
          0.250657      12513.825195
          0.250692      12613.923828
          0.250715      12714.021484
          0.250749      12814.120117
          0.250771      12914.218750
          0.250794      13014.317383
          0.250816      13114.416016
          0.250849      13214.514648
          0.250871      13314.613281
          0.250893      13414.711914
          0.250914      13514.810547
          0.250936      13614.909180
          0.250957      13715.006836
          0.250978      13815.107422
          0.251000      13915.206055
          0.251020      14015.304688
          0.251031      14115.403320
          0.251052      14215.501953
          0.251072      14315.599609
          0.251093      14415.698242
          0.251103      14515.796875
          0.251123      14615.895508
          0.251143      14715.994141
          0.251153      14816.092773
          0.251173      14916.191406
          0.251183      15016.290039
          0.251202      15116.388672
          0.251222      15216.487305
          0.251232      15316.584961
          0.251251      15416.683594
          0.251260      15516.782227
          0.251279      15616.880859
          0.251289      15716.979492
          0.251298      15817.078125
          0.251317      15917.176758
          0.251326      16017.275391
          0.251345      16117.374023
          0.251354      16217.472656
          0.251363      16317.572266
          0.251381      16417.669922
          0.251390      16517.769531
          0.251399      16617.867188
          0.251417      16717.966797
          0.251426      16818.064453
          0.251435      16918.164062
          0.251444      17018.261719
          0.251461      17118.361328
          0.251470      17218.458984
          0.251479      17318.558594
          0.251487      17418.656250
          0.251505      17518.753906
          0.251513      17618.853516
          0.251522      17718.951172
          0.251530      17819.050781
          0.251547      17919.148438
          0.251555      18019.248047
          0.251564      18119.345703
          0.251572      18219.445312
          0.251580      18319.542969
          0.251588      18419.640625
          0.251605      18519.740234
          0.251613      18619.837891
          0.251621      18719.937500
          0.251629      18820.037109
          0.251637      18920.136719
          0.251645      19020.234375
          0.251653      19120.332031
          0.251661      19220.431641
          0.251669      19320.529297
          0.251684      19420.628906
          0.251692      19520.726562
          0.251700      19620.826172
          0.251707      19720.923828
          0.251715      19821.023438
          0.251723      19921.121094
          0.251730      20021.218750
          0.251738      20121.318359
          0.251746      20221.416016
          0.251753      20321.515625
          0.251761      20421.613281
          0.251768      20521.712891
          0.251775      20621.810547
          0.251790      20721.910156
          0.251797      20822.007812
          0.251805      20922.107422
          0.251812      21022.205078
          0.251819      21122.302734
          0.251826      21222.402344
          0.251834      21322.501953
          0.251841      21422.601562
          0.251848      21522.699219
          0.251855      21622.796875
          0.251862      21722.896484
          0.251869      21822.994141
          0.251876      21923.093750
          0.251883      22023.191406
          0.251890      22123.291016
          0.251897      22223.388672
          0.251904      22323.488281
          0.251911      22423.585938
          0.251918      22523.685547
          0.251924      22623.783203
          0.251931      22723.880859
          0.251938      22823.980469
          0.251945      22924.078125
          0.251958      23024.177734
          0.251965      23124.275391
          0.251971      23224.375000
          0.251978      23324.472656
          0.251985      23424.572266
          0.251991      23524.669922
          0.251998      23624.769531
          0.252004      23724.867188
          0.252011      23824.966797
          0.252017      23925.066406
          0.252024      24025.164062
          0.252030      24125.263672
          0.252037      24225.361328
          0.252049      24325.458984
          0.252056      24425.558594
          0.252062      24525.656250
          0.252068      24625.755859
          0.252075      24725.853516
          0.252081      24825.953125
          0.252087      24926.050781
          0.252100      25026.150391
          0.252106      25126.248047
          0.252112      25226.347656
          0.252118      25326.445312
          0.252124      25426.542969
          0.252131      25526.642578
          0.252143      25626.740234
          0.252149      25726.839844
          0.252155      25826.937500
          0.252167      25927.037109
          0.252173      26027.134766
          0.252179      26127.234375
          0.252185      26227.332031
          0.252197      26327.429688
          0.252203      26427.529297
          0.252215      26527.626953
          0.253561      26627.726562
          0.253704      26727.824219
          0.256034      26827.923828
          0.256139      26928.021484
          0.256214      27028.121094
          0.256282      27128.218750
          0.256334      27228.318359
          0.256387      27328.416016
          0.256424      27428.513672
          0.256469      27528.615234
          0.256506      27628.714844
          0.256543      27728.812500
          0.256581      27828.912109
          0.256610      27929.009766
          0.256640      28029.109375
          0.256669      28129.207031
          0.256699      28229.306641
          0.256728      28329.404297
          0.256758      28429.503906
          0.256780      28529.601562
          0.256809      28629.699219
          0.256831      28729.798828
          0.256853      28829.896484
          0.256882      28929.996094
          0.256904      29030.093750
          0.256925      29130.193359
          0.256947      29230.291016
          0.256968      29330.390625
          0.256983      29430.488281
          0.257004      29530.585938
          0.257026      29630.685547
          0.257047      29730.783203
          0.257061      29830.882812
          0.257083      29930.980469
          0.257104      30031.080078
          0.257118      30131.177734
          0.257139      30231.277344
          0.257153      30331.375000
          0.257174      30431.474609
          0.257188      30531.572266
          0.257202      30631.669922
          0.257223      30731.769531
          0.257237      30831.867188
          0.257251      30931.966797
          0.257265      31032.064453
          0.257286      31132.164062
          0.257299      31232.261719
          0.257313      31332.361328
          0.257327      31432.458984
          0.257341      31532.558594
          0.257354      31632.656250
          0.257375      31732.753906
          0.257388      31832.853516
          0.257402      31932.951172
          0.257415      32033.050781
          0.257429      32133.148438
          0.257442      32233.248047
          0.257456      32333.345703
          0.257469      32433.445312
          0.257482      32533.546875
          0.257496      32633.644531
          0.257509      32733.742188
          0.257516      32833.839844
          0.257529      32933.941406
          0.257542      33034.039062
          0.257555      33134.136719
          0.257568      33234.234375
          0.257581      33334.335938
          0.257594      33434.433594
          0.257608      33534.531250
          0.257614      33634.628906
          0.257627      33734.726562
          0.257640      33834.828125
          0.257653      33934.925781
          0.257666      34035.023438
          0.257672      34135.121094
          0.257685      34235.222656
          0.257698      34335.320312
          0.257711      34435.417969
          0.257717      34535.515625
          0.257730      34635.617188
          0.257743      34735.714844
          0.257755      34835.812500
          0.257762      34935.910156
          0.257774      35036.007812
          0.257787      35136.109375
          0.257799      35236.207031
          0.257806      35336.304688
          0.257818      35436.402344
          0.257831      35536.503906
          0.257843      35636.601562
          0.257849      35736.699219
          0.257862      35836.796875
          0.257874      35936.894531
          0.257880      36036.996094
          0.257892      36137.093750
          0.257905      36237.191406
          0.257917      36337.289062
          0.257923      36437.390625
          0.257935      36537.488281
          0.257948      36637.585938
          0.257960      36737.683594
          0.257966      36837.781250
          0.257978      36937.882812
          0.257990      37037.980469
          0.258002      37138.078125
          0.258008      37238.175781
          0.258020      37338.277344
          0.258032      37438.375000
          0.258044      37538.476562
          0.258050      37638.574219
          0.258062      37738.671875
          0.258074      37838.773438
          0.258086      37938.871094
          0.258098      38038.968750
          0.258109      38139.066406
          0.258115      38239.164062
          0.258127      38339.265625
          0.258139      38439.363281
          0.258151      38539.460938
          0.258162      38639.558594
          0.258174      38739.660156
          0.258186      38839.757812
          0.258197      38939.855469
          0.258209      39039.953125
          0.258220      39140.050781
          0.258232      39240.152344
          0.258244      39340.250000
          0.258255      39440.347656
          0.258272      39540.445312
          0.258284      39640.546875
          0.258295      39740.644531
          0.258313      39840.742188
          0.258324      39940.839844
          0.258336      40040.937500
          0.258353      40141.039062
          0.258370      40241.136719
          0.258381      40341.234375
          0.258398      40441.332031
          0.258415      40541.433594
          0.258432      40641.531250
          0.258449      40741.628906
          0.259513      40841.726562
          0.259567      40941.828125
          0.259603      41041.925781
          0.259634      41142.023438
          0.259664      41242.121094
          0.259688      41342.218750
          0.259706      41442.320312
          0.259730      41542.417969
          0.259748      41642.515625
          0.259766      41742.613281
          0.259778      41842.714844
          0.259796      41942.812500
          0.259807      42042.910156
          0.259825      42143.007812
          0.259837      42243.105469
          0.259849      42343.207031
          0.259867      42443.304688
          0.259879      42543.406250
          0.259890      42643.503906
          0.259902      42743.601562
          0.259908      42843.703125
          0.259920      42943.800781
          0.259932      43043.898438
          0.259943      43143.996094
          0.259955      43244.093750
          0.259961      43344.195312
          0.259972      43444.292969
          0.259984      43544.390625
          0.259990      43644.488281
          0.260002      43744.589844
          0.260007      43844.687500
          0.260019      43944.785156
          0.260025      44044.882812
          0.260036      44144.984375
          0.260042      44245.082031
          0.260053      44345.179688
          0.260059      44445.277344
          0.260071      44545.375000
          0.260076      44645.476562
          0.260082      44745.574219
          0.260093      44845.671875
          0.260099      44945.769531
          0.260105      45045.871094
          0.260116      45145.968750
          0.260122      45246.066406
          0.260127      45346.164062
          0.260133      45446.261719
          0.260144      45546.363281
          0.260150      45646.460938
          0.260155      45746.558594
          0.260161      45846.656250
          0.260172      45946.757812
          0.260178      46046.855469
          0.260183      46146.953125
          0.260189      46247.050781
          0.260194      46347.148438
          0.260200      46447.250000
          0.260211      46547.347656
          0.260216      46647.445312
          0.260222      46747.542969
          0.260227      46847.644531
          0.260233      46947.742188
          0.260238      47047.839844
          0.260244      47147.937500
          0.260249      47248.039062
          0.262146      47348.136719
          0.262226      47448.234375
          0.262269      47548.335938
          0.262300      47648.433594
          0.262330      47748.531250
          0.262361      47848.632812
          0.262386      47948.730469
          0.262404      48048.828125
          0.262428      48148.925781
          0.262447      48249.027344
          0.262471      48349.125000
          0.262489      48449.222656
          0.262508      48549.320312
          0.262526      48649.417969
          0.264395      48749.519531
          0.264461      48849.617188
          0.264508      48949.714844
          0.264541      49049.812500
          0.264568      49149.914062
          0.264595      49250.011719
          0.264621      49350.109375
          0.264641      49450.207031
          0.264661      49550.304688
          0.264681      49650.406250
          0.264694      49750.503906
          0.264714      49850.601562
          0.264728      49950.699219
          0.264747      50050.800781
          0.264761      50150.898438
          0.264774      50250.996094
          0.264787      50351.093750
          0.264800      50451.195312
          0.264813      50551.292969
          0.264826      50651.390625
          0.264839      50751.488281
          0.264852      50851.585938
          0.264866      50951.687500
          0.264872      51051.785156
          0.264885      51151.882812
          0.264898      51251.980469
          0.264905      51352.082031
          0.264917      51452.179688
          0.264924      51552.277344
          0.264937      51652.375000
          0.264943      51752.472656
          0.264956      51852.574219
          0.264963      51952.671875
          0.264969      52052.769531
          0.264982      52152.867188
          0.264988      52252.968750
          0.265001      52353.066406
          0.265007      52453.164062
          0.265014      52553.261719
          0.265020      52653.359375
          0.265033      52753.460938
          0.265039      52853.558594
          0.265046      52953.656250
          0.265052      53053.753906
          0.265065      53153.855469
          0.265071      53253.953125
          0.265077      53354.050781
          0.265083      53454.148438
          0.265090      53554.250000
          0.265096      53654.347656
          0.265108      53754.445312
          0.265115      53854.542969
          0.265121      53954.640625
          0.265127      54054.742188
          0.265133      54154.839844
          0.265140      54254.937500
          0.265146      54355.035156
          0.265152      54455.136719
          0.265158      54555.234375
          0.265164      54655.332031
          0.265171      54755.429688
          0.265177      54855.527344
          0.265183      54955.628906
          0.265189      55055.730469
          0.265195      55155.832031
          0.265201      55255.929688
          0.265207      55356.027344
          0.265213      55456.125000
          0.265219      55556.226562
          0.265226      55656.324219
          0.265232      55756.421875
          0.265238      55856.519531
          0.265244      55956.617188
          0.265250      56056.718750
          0.265256      56156.816406
          0.265262      56256.914062
          0.265262      56357.011719
          0.265268      56457.113281
          0.265274      56557.210938
          0.265280      56657.308594
          0.265286      56757.406250
          0.265292      56857.507812
          0.265298      56957.605469
          0.265304      57057.703125
          0.265304      57157.800781
          0.265310      57257.898438
          0.265316      57358.000000
          0.265321      57458.097656
          0.265327      57558.195312
          0.265333      57658.292969
          0.265333      57758.394531
          0.265339      57858.492188
          0.265345      57958.589844
          0.265351      58058.687500
          0.265357      58158.785156
          0.265357      58258.886719
          0.265363      58358.984375
          0.265368      58459.082031
          0.265374      58559.179688
          0.265380      58659.281250
          0.265380      58759.378906
          0.265386      58859.476562
          0.265392      58959.574219
          0.265397      59059.671875
          0.265397      59159.773438
          0.265403      59259.871094
          0.265409      59359.968750
          0.265415      59460.066406
          0.265415      59560.167969
          0.265420      59660.265625
          0.265426      59760.363281
          0.265432      59860.460938
          0.265432      59960.562500
          0.265437      60060.660156
          0.265443      60160.757812
          0.265443      60260.855469
          0.265449      60360.953125
          0.265454      60461.054688
          0.265460      60561.152344
          0.265460      60661.250000
          0.265466      60761.347656
          0.265471      60861.449219
          0.265471      60961.546875
          0.265477      61061.644531
          0.265483      61161.742188
          0.265483      61261.839844
          0.265488      61361.941406
          0.265494      61462.039062
          0.265499      61562.136719
          0.265499      61662.234375
          0.265505      61762.335938
          0.265510      61862.433594
          0.265510      61962.531250
          0.265516      62062.628906
          0.265522      62162.726562
          0.265522      62262.828125
          0.265527      62362.925781
          0.265533      62463.023438
          0.265533      62563.121094
          0.265538      62663.222656
          0.265544      62763.320312
          0.265544      62863.417969
          0.265549      62963.515625
          0.265549      63063.617188
          0.265554      63163.714844
          0.265560      63263.812500
          0.265560      63363.910156
          0.265565      63464.007812
          0.265571      63564.109375
          0.265571      63664.207031
          0.265576      63764.304688
          0.265581      63864.402344
          0.265581      63964.503906
          0.265587      64064.601562
          0.265587      64164.699219
          0.265592      64264.796875
          0.265598      64364.894531
          0.265598      64464.996094
          0.265603      64565.093750
          0.265603      64665.191406
          0.265608      64765.289062
          0.265614      64865.390625
          0.265614      64965.488281
          0.265619      65065.593750
          0.265619      65165.691406
          0.265624      65265.789062
          0.265629      65365.886719
          0.265629      65465.984375
          0.265635      65566.085938
          0.265635      65666.179688
          0.265640      65766.281250
          0.265645      65866.382812
          0.265645      65966.476562
          0.265651      66066.578125
          0.265651      66166.679688
          0.265656      66266.773438
          0.265661      66366.875000
          0.265661      66466.968750
          0.265666      66567.070312
          0.265666      66667.171875
          0.265671      66767.265625
          0.265671      66867.367188
          0.265677      66967.460938
          0.265682      67067.562500
          0.265682      67167.664062
          0.265687      67267.757812
          0.265687      67367.859375
          0.265692      67467.953125
          0.265692      67568.054688
          0.265697      67668.156250
          0.265702      67768.250000
          0.265702      67868.351562
          0.265707      67968.453125
          0.265707      68068.546875
          0.265712      68168.648438
          0.265712      68268.742188
          0.265717      68368.843750
          0.265717      68468.945312
          0.265723      68569.039062
          0.265728      68669.140625
          0.265728      68769.234375
          0.265733      68869.335938
          0.265733      68969.437500
          0.265738      69069.531250
          0.265738      69169.632812
          0.265743      69269.734375
          0.265743      69369.828125
          0.265748      69469.929688
          0.265748      69570.023438
          0.265753      69670.125000
          0.265758      69770.226562
          0.265758      69870.320312
          0.265763      69970.421875
          0.265763      70070.515625
          0.265768      70170.617188
          0.265768      70270.718750
          0.265773      70370.812500
          0.265773      70470.914062
          0.265778      70571.007812
          0.265778      70671.109375
          0.265782      70771.210938
          0.265782      70871.304688
          0.265787      70971.406250
          0.265787      71071.507812
          0.265792      71171.601562
          0.265792      71271.703125
          0.265797      71371.796875
          0.265797      71471.898438
          0.265802      71572.000000
          0.265807      71672.093750
          0.265807      71772.195312
          0.265812      71872.289062
          0.265812      71972.390625
          0.265817      72072.492188
          0.265817      72172.585938
          0.265821      72272.687500
          0.265821      72372.789062
          0.265826      72472.882812
          0.265826      72572.984375
          0.265831      72673.078125
          0.265831      72773.179688
          0.265836      72873.281250
          0.265836      72973.375000
          0.265841      73073.476562
          0.265841      73173.570312
          0.265845      73273.671875
          0.265845      73373.773438
          0.265850      73473.867188
          0.265850      73573.968750
          0.265855      73674.062500
          0.265855      73774.164062
          0.265860      73874.265625
          0.265860      73974.359375
          0.265864      74074.460938
          0.265864      74174.562500
          0.265869      74274.656250
          0.265869      74374.757812
          0.265874      74474.851562
          0.265874      74574.953125
          0.265879      74675.054688
          0.265879      74775.148438
          0.265883      74875.250000
          0.265883      74975.343750
          0.265888      75075.453125
          0.265888      75175.546875
          0.265893      75275.648438
          0.265893      75375.750000
          0.265897      75475.843750
          0.265897      75575.945312
          0.265902      75676.046875
          0.265902      75776.140625
          0.265906      75876.242188
          0.265906      75976.335938
          0.265911      76076.437500
          0.265911      76176.539062
          0.265916      76276.632812
          0.265916      76376.734375
          0.265920      76476.828125
          0.265920      76576.929688
          0.265925      76677.031250
          0.265925      76777.125000
          0.265925      76877.226562
          0.265929      76977.320312
          0.265929      77077.421875
          0.265934      77177.523438
          0.265934      77277.617188
          0.265939      77377.718750
          0.265939      77477.820312
          0.265943      77577.914062
          0.265943      77678.015625
          0.265948      77778.109375
          0.265948      77878.210938
          0.265952      77978.312500
          0.265952      78078.406250
          0.265957      78178.507812
          0.265957      78278.601562
          0.265961      78378.703125
          0.265961      78478.804688
          0.265966      78578.898438
          0.265966      78679.000000
          0.265970      78779.101562
          0.265970      78879.195312
          0.265975      78979.296875
          0.265975      79079.390625
          0.265979      79179.492188
          0.265979      79279.593750
          0.265979      79379.687500
          0.265983      79479.789062
          0.265983      79579.882812
          0.265988      79679.984375
          0.265988      79780.085938
          0.265992      79880.179688
          0.265992      79980.281250
          0.265997      80080.375000
          0.265997      80180.476562
          0.266001      80280.578125
          0.266001      80380.671875
          0.266006      80480.773438
          0.266006      80580.875000
          0.266010      80680.968750
          0.266010      80781.070312
          0.266014      80881.164062
          0.266014      80981.265625
          0.266019      81081.367188
          0.266019      81181.460938
          0.266019      81281.562500
          0.266023      81381.656250
          0.266023      81481.757812
          0.266027      81581.859375
          0.266027      81681.953125
          0.266032      81782.054688
          0.266032      81882.156250
          0.266036      81982.250000
          0.266036      82082.351562
          0.266040      82182.445312
          0.266040      82282.546875
          0.266045      82382.648438
          0.266045      82482.742188
          0.266049      82582.843750
          0.266049      82682.937500
          0.268794      82783.039062
          0.268845      82883.140625
          0.268880      82983.234375
          0.268901      83083.335938
          0.268926      83183.429688
          0.268942      83283.531250
          0.268962      83383.632812
          0.268972      83483.726562
          0.268988      83583.828125
          0.269003      83683.929688
          0.269013      83784.023438
          0.269024      83884.125000
          0.269039      83984.218750
          0.269049      84084.320312
          0.269059      84184.421875
          0.269064      84284.515625
          0.269074      84384.617188
          0.269085      84484.710938
          0.269095      84584.812500
          0.269100      84684.914062
          0.269110      84785.007812
          0.269115      84885.109375
          0.269125      84985.210938
          0.269130      85085.312500
          0.269140      85185.414062
          0.269145      85285.507812
          0.269156      85385.609375
          0.269161      85485.703125
          0.269166      85585.804688
          0.269171      85685.906250
          0.269181      85786.000000
          0.269186      85886.101562
          0.269191      85986.195312
          0.269196      86086.296875
          0.269201      86186.398438
          0.269206      86286.492188
          0.269216      86386.593750
          0.269221      86486.687500
          0.269226      86586.789062
          0.269231      86686.890625
          0.269236      86786.984375
          0.269241      86887.085938
          0.269246      86987.187500
          0.269251      87087.281250
          0.269256      87187.382812
          0.269261      87287.476562
          0.269266      87387.578125
          0.269271      87487.679688
          0.269275      87587.773438
          0.269280      87687.875000
          0.269280      87787.968750
          0.269285      87888.070312
          0.269290      87988.171875
          0.269295      88088.265625
          0.269300      88188.367188
          0.269305      88288.468750
          0.269310      88388.562500
          0.269310      88488.664062
          0.269315      88588.757812
          0.269320      88688.859375
          0.269325      88788.960938
          0.269330      88889.054688
          0.269334      88989.156250
          0.269334      89089.250000
          0.269339      89189.351562
          0.269344      89289.453125
          0.269349      89389.546875
          0.269349      89489.648438
          0.269354      89589.742188
          0.269359      89689.843750
          0.269364      89789.945312
          0.269364      89890.039062
          0.269369      89990.140625
          0.269373      90090.242188
          0.269378      90190.335938
          0.269378      90290.437500
          0.269383      90390.531250
          0.269388      90490.632812
          0.269388      90590.734375
          0.269393      90690.828125
          0.269397      90790.929688
          0.269397      90891.023438
          0.269402      90991.125000
          0.269407      91091.226562
          0.269412      91191.320312
          0.269412      91291.421875
          0.269417      91391.523438
          0.269417      91491.617188
          0.269421      91591.718750
          0.269426      91691.812500
          0.269426      91791.914062
          0.269431      91892.015625
          0.269436      91992.109375
          0.269436      92092.210938
          0.269440      92192.304688
          0.269445      92292.406250
          0.269445      92392.507812
          0.269450      92492.601562
          0.269450      92592.703125
          0.269455      92692.796875
          0.269459      92792.898438
          0.269459      92893.000000
          0.269464      92993.093750
          0.269464      93093.195312
          0.269469      93193.296875
          0.269473      93293.390625
          0.269473      93393.492188
          0.269478      93493.585938
          0.269478      93593.687500
          0.269483      93693.789062
          0.269488      93793.882812
          0.269488      93893.984375
          0.269492      93994.078125
          0.269492      94094.179688
          0.269497      94194.281250
          0.269497      94294.375000
          0.269502      94394.476562
          0.269502      94494.578125
          0.269506      94594.671875
          0.269511      94694.773438
          0.269511      94794.867188
          0.269515      94894.968750
          0.269515      94995.070312
          0.269520      95095.171875
          0.269520      95195.273438
          0.269525      95295.367188
          0.269525      95395.468750
          0.269529      95495.562500
          0.269529      95595.664062
          0.269534      95695.765625
          0.269534      95795.859375
          0.269538      95895.960938
          0.269538      95996.054688
          0.269543      96096.156250
          0.269548      96196.257812
          0.269548      96296.351562
          0.269552      96396.453125
          0.269552      96496.554688
          0.269557      96596.648438
          0.269557      96696.750000
          0.269561      96796.843750
          0.269561      96896.945312
          0.269566      96997.046875
          0.269566      97097.140625
          0.269570      97197.242188
          0.269570      97297.335938
          0.269575      97397.437500
          0.269575      97497.539062
          0.269579      97597.632812
          0.269579      97697.734375
          0.269579      97797.835938
          0.269584      97897.929688
          0.269584      97998.031250
          0.269588      98098.125000
          0.269588      98198.226562
          0.269593      98298.328125
          0.269593      98398.421875
          0.269597      98498.523438
          0.269597      98598.617188
          0.269602      98698.718750
          0.269602      98798.820312
          0.269606      98898.914062
          0.269606      98999.015625
          0.269611      99099.109375
          0.269611      99199.210938
          0.269615      99299.312500
          0.269615      99399.406250
          0.269620      99499.507812
          0.269620      99599.609375
          0.269620      99699.703125
          0.269624      99799.804688
          0.269624      99899.898438
          0.269629     100000.000000
